 <pre>

 Contingency table for Visibility (m)
 Selection: ALL    734 stations
Period: 20220202-20220225
Used {00,03,...,21} + 00 03 ... 66
 Limits    1000.0000000000000        5000.0000000000000        10000.000000000000        20000.000000000000     
 Each class is data <= limit, the very last > last limit
 Total number of values      875705
                                     OBSERVATION
                                   2950     7241     2963     2180     1592 |     16926
                                   8095    67187    43445    43625    35967 |    198319
                           REF     1383    18491    35535    62988    84784 |    203181
                                    909    10685    33888    73408   147611 |    266501
                                   1939    10781    19882    51110   107066 |    190778

                    SUM           15276   114385   135713   233311   377020 |    875705
                                     OBSERVATION
                                   2952     7340     3017     2245     1649 |     17203
                                   8123    67162    43681    43996    36262 |    199224
                          t2h2     1396    18561    35502    63348    84900 |    203707
                                    895    10625    33648    72908   147373 |    265449
                                   1910    10697    19865    50814   106836 |    190122

                    SUM           15276   114385   135713   233311   377020 |    875705

