 <pre>

 Contingency table for U10m (m/s)
 Selection: ALL   1027 stations
Period: 20220202-20220225
Used {00,03,...,21} + 00 03 ... 66
 Limits    1.5000000000000000        3.2999999999999998        5.5000000000000000        8.0000000000000000        10.800000000000001        13.900000000000000        24.500000000000000     
 Each class is data <= limit, the very last > last limit
 Total number of values     1285078
                                              OBSERVATION
                                  82843    29390     5241     1203      290       60       19        0 |    119046
                                  73364   125078    42611     7732     1647      401       91        0 |    250924
                                  20894   122787   151646    49721     6975     1555      323        0 |    353901
                           REF     3683    25662    92026   116875    33943     5538     1186        0 |    278913
                                    790     3322    15890    52726    60277    25334     3636        1 |    161976
                                    141      467     2014     8215    22092    34987    14828        4 |     82748
                                     32       83      254     1117     3053     8642    23934      239 |     37354
                                      0        0        0        0        1        1      110      104 |       216

                    SUM          181747   306789   309682   237589   128278    76518    44127      348 |   1285078
                                              OBSERVATION
                                  83490    29831     5292     1204      313       57       18        0 |    120205
                                  72992   125370    42606     7751     1640      381       84        0 |    250824
                                  20695   122601   152589    49804     6873     1607      325        0 |    354494
                          t2h2     3591    25172    91223   116975    34375     5557     1169        0 |    278062
                                    786     3298    15671    52674    60042    25291     3720        1 |    161483
                                    162      434     2045     8076    22014    35050    14794        4 |     82579
                                     31       83      256     1105     3021     8574    23906      239 |     37215
                                      0        0        0        0        0        1      111      104 |       216

                    SUM          181747   306789   309682   237589   128278    76518    44127      348 |   1285078

