 <pre>

 Contingency table for Cloud cover (octas)
 Selection: ALL    423 stations
Period: 20220202-20220225
Used {00,03,...,21} + 03 06 ... 66
 Limits   0.50000000000000000        1.5000000000000000        2.5000000000000000        3.5000000000000000        4.5000000000000000        5.5000000000000000        6.5000000000000000        7.5000000000000000     
 Each class is data <= limit, the very last > last limit
 Total number of values      404232
                                                       OBSERVATION
                                  14209     3555     3231     2096     1167     1513     1923     2208     3917 |     33819
                                   2522      907     1094      930      595      880     1153     1708     2894 |     12683
                                   1366      511      730      558      391      602      855     1479     2525 |      9017
                                   1084      456      581      533      364      602      849     1525     2590 |      8584
                           REF     1014      439      583      545      369      570      911     1614     2785 |      8830
                                    940      438      564      515      416      702     1039     1864     3319 |      9797
                                   1087      498      659      661      473      803     1308     2445     4607 |     12541
                                   1529      733      941      971      766     1376     2402     4534     8845 |     22097
                                   5162     3101     3545     4332     3609     7179    15205    59470   185261 |    286864

                    SUM           28913    10638    11928    11141     8150    14227    25645    76847   216743 |    404232
                                                       OBSERVATION
                                  14193     3531     3229     2087     1167     1539     1866     2127     3858 |     33597
                                   2496      887     1136      935      574      865     1165     1767     2872 |     12697
                                   1386      524      713      616      395      591      940     1531     2624 |      9320
                                   1151      467      570      545      350      613      883     1488     2572 |      8639
                          t2h2      975      412      579      557      403      579      899     1591     2819 |      8814
                                    918      468      582      536      419      717     1003     1904     3288 |      9835
                                   1067      522      628      641      470      849     1297     2432     4526 |     12432
                                   1550      762      928      927      809     1285     2378     4554     8911 |     22104
                                   5177     3065     3563     4297     3563     7189    15214    59453   185273 |    286794

                    SUM           28913    10638    11928    11141     8150    14227    25645    76847   216743 |    404232

